69895.90059130335 155330.71794843912
953946.6289804821 799118.9766696239
263659.91594434256 131828.2583171705
557484.4590212061 482808.44684116455
771839.2433007311 865493.8327829943
127088.62833023038 352073.05115802266
523402.5974730835 635043.5337649586
457698.34025537106 186200.8511913965
128938.65342794154 545627.8750632971
554211.3070550115 148281.9268397989
818144.236173713 678418.3523841975
189867.2741107772 971915.9063565204
32388.146917614602 64078.88363672509
698383.7494082415 673907.9966744124
267935.66895606735 392213.9453856175
595119.9431101303 614743.5342062787
813004.6458589946 965289.4765330079
222113.72184602008 211327.6457932537
918356.8397192486 660101.7388453874
823906.9536688899 713625.3825118575
125312.8421610853 23591.929012722114
192766.53155251712 11785.285766491072
465824.09167975304 149626.47966452313
314689.8165796568 719153.9951588807
98410.37608945246 644145.4137218449
36613.237914036035 819368.3282989705
964854.9772870742 958335.7964375553
793326.0171366548 139684.0640063427
612062.5988312411 904771.0330125145
380010.2592702256 382461.315254654
278113.37861015793 725646.4542840607
350729.6895170774 433796.06176991726
437525.28216141096 393259.8962230941
861750.7201067583 186918.55681125302
630003.0026144958 21384.926929742032
22462.214496704935 805607.5292516848
271802.53145249555 650081.0985305816
875044.8391878945 855722.9197419329
757493.728591356 501480.76342040417
577179.5925716178 510466.6849695317
746457.9308340778 813195.6187311582
112600.5172384098 288739.6794636603
629733.9178842775 530626.6638002534
853879.1074544092 457248.9129980033
20731.788448800304 709165.9025120848
212538.97013238122 691003.7367207898
326699.21262244286 575352.2805121682
737101.735661042 734310.8860976683
318091.3644487018 777483.1415568824
948316.4221044184 901177.7384849403
580199.042898021 483242.29600885074
64449.80835540126 354122.28355220245
143585.40003841958 228153.55869722087
262714.8931515548 198524.0677474861
902347.9456557013 939052.5504005415
188257.9275959523 346640.35399338376
816747.8938867113 471808.12554051797
931423.44195633 537445.9415760718
66526.87074156238 292739.08306417096
205982.2538636691 583279.20571785
25472.211746358607 26845.184283770363
387478.2028210938 661244.2308157689
990389.872775933 118722.22239249141
994693.5178688734 775778.2915418245
612591.5657559361 513738.03915707493
2726.138260040978 900886.4191054926
220992.76320834528 519400.93294585665
241935.327145824 581721.482590329
855896.6603194618 103059.62219739251
784755.8851008312 667608.2127492063
251023.54313101628 73233.72004989481
276162.08127896825 852921.71389467
431745.27024606214 148701.93292997024
246782.21574210958 705181.7516285685
146101.6256997597 296412.6596196184
484610.2147411947 625417.1794397965
670271.5209035558 727464.1941274956
76404.05896608127 263682.12643381074
641094.5469104458 708916.0860528814
372384.0502828197 612462.0044600504
873818.1665409432 642999.6315739444
479104.5537783144 479459.1087520329
858068.4670132335 395696.1241543917
275660.90250201727 959825.9314041988
517880.6714106092 220004.5651588387
768874.4247793825 83282.43732783402
498124.5259605741 90448.63905479317
139851.80031746847 839535.1851592244
688430.2106734829 354769.9272772096
251835.9948027733 123148.06555923252
207119.70381906696 951590.4070668328
527061.722233787 845336.4587473198
158282.08762103767 82236.59483276946
558332.2856525588 244324.74982432672
828763.1222926639 532134.6540193921
370334.5348679595 386735.89039975667
98611.49462599205 814010.9123697388
4510.069089879276 685274.1214565842
630701.2865150132 246428.2905983948
68681.94568579167 592355.7348841133
691357.1518774692 554953.3819404342
148859.3635415797 335182.4372997898
18752.767268948923 818655.9576538956
320308.71209801035 557894.2948514477
566782.7144000289 926186.3130691596
490168.53581041854 493893.10318517056
258621.61983970378 676795.5755698064
776702.309387346 963444.7360653136
892661.0927316975 168166.05599412715
845085.9050225456 378093.4987378892
811016.513214666 598974.5632748796
550410.7283734939 503177.6698812388
83247.66972034491 382932.6309729232
277811.8787901552 672656.0486733473
10793.468519160742 530124.0345714892
660491.6573997692 817329.7848151593
791209.803470326 242209.6186614241
124654.2654743974 561979.7255066243
188835.27644152154 636145.8498309962
192113.76299102668 996321.2878111438
116395.76686839314 10102.3535570951
689843.1222545742 95274.0391549628
669761.9175573902 28081.72677582077
147960.11273257958 494735.6583313768
327072.4066284063 314099.96544226405
948324.6718720862 49993.17449734975
334819.6996991459 777230.3836592374
902290.4051671592 243521.01234416402
915954.2146164062 798447.147939585
965107.8501834023 174678.47360709708
943562.2821838313 701382.9062671779
440469.4401552265 533295.0344078386
460385.420985427 123114.5363993379
74567.55556464112 285885.1082218491
802925.3280329255 665412.4010158461
304797.3391108146 298954.41801257327
821671.5796029079 275287.9921995027
883074.8036861554 230508.74724873627
586068.7008260185 848050.52210988
358197.55949403706 66055.52981595775
391766.70683049806 588447.1650300559
5920.382641104838 248756.05370014088
473884.85683921276 343294.5925608003
144852.02876121007 883814.6472218724
73194.27515703203 360459.2134056187
988547.8879855837 272824.97369505855
944437.3797259098 600982.0316069392
989676.2855503196 121747.88868265129
925238.4902885222 126274.60803261392
392382.28724892146 347547.4770246828
808203.3217782318 620007.361409208
638044.0226190035 619654.944184042
768135.1833692024 904746.5205927264
620149.798248867 680839.5744117079
485162.9603953206 892626.9999932019
928904.4169245678 850837.8852697503
181857.75459478938 20579.767638474466
704049.2348281606 464320.18334913696
449640.1134971828 444728.106499544
465614.5485374393 971053.8867163201
911861.2996527526 463955.34807228134
662570.4598793086 537752.9931283606
96178.95880946025 623080.3701685953
11749.494162602847 848850.4202758024
817426.5987730068 147733.03927877723
335842.232648613 276925.27377491683
637041.6050773634 338361.38561351824
49041.382837374695 687548.3356523956
493336.82717389084 228582.9407371094
102061.419376833 231052.8610454895
423334.0404619713 858437.4021632995
114038.92902877355 310586.8313046424
937568.5019848244 865860.9602533891
180882.41197818256 180317.84137046724
679574.4333844072 962420.0895439524
163171.48743048805 964713.0802247777
795715.6735593097 485666.47904394736
349848.69323509117 473548.9543107011
718911.5039263901 887096.378154093
230049.29578779775 948871.8751006471
6224.185674901129 56730.807374460346
656570.6804255245 794588.3253706188
702602.1092987886 941861.5454988763
376168.7596067103 389837.5480824969
194437.6592045909 293022.73925927625
745892.366612305 784140.5872882105
739913.412694013 751664.0788042803
339211.0826574607 249475.22200474492
858250.9241223562 985449.9101663945
733949.9807846198 76352.7359460916
250914.57456818322 9580.75476164577
383011.3758680932 712003.5463601124
174142.5104617763 525569.1278637747
572503.203406904 314135.91908588336
916339.9190720458 783469.0415448224
556808.0443034064 445972.5256110466
518271.881017107 545567.4761157825
36382.72921128982 931909.8565239963
873462.8154476965 249019.88838356503
385346.02389711223 137697.77206456324
412567.64115841314 25901.197968645316
450688.68457541143 516652.6298666463
502966.8543299609 690269.1113331506
350549.24991422455 821400.6714428032
540522.4612082813 237209.72914309302
138657.7572629346 208586.56211173342
599024.9599605058 142592.4452890609
761028.9812929285 267142.39964222
525519.0386310365 158748.4559155392
377415.9065964112 242679.7356793473
581447.4176094047 293567.7537072924
257582.92273727158 91547.0432286094
886520.1395694335 317406.59158541495
430046.7414201089 703663.3912835902
680932.5689033514 307367.567050446
843350.5708459937 644945.092767021
802580.1713256808 279146.8214377425
958397.8842032573 950089.1837207465
312803.7520951965 571841.8458391672
190598.02143234582 959202.4405897537
748500.3890531699 208464.35787573046
533377.1691210181 910166.2784025602
902925.1511527849 760369.0231743066
701018.2910586963 843312.8694070472
100625.31972567667 869727.5745345826
245490.06613505632 795098.0743657874
764142.8486063718 716851.812845172
835115.0489017637 333624.2902599692
197257.75694375767 645441.7295490727
720128.1028097651 823229.9104186875
838268.5357730687 215207.30721039826
949708.673110291 365029.63632244035
166421.36085857585 719945.2480089075
455019.1831270605 1350.3282827016517
39959.267878537874 81323.29920818226
354831.0206865275 649136.9560803497
744726.3059405491 148344.71048872467
423314.4142812849 850918.4957859903
887552.0768508796 776305.9083076777
101256.15053267412 158999.63566558517
267418.57743587386 540961.3419189684
703955.9332004784 602305.4058725875
558093.4379660466 58717.183429730314
211064.4694210112 817862.8528299966
113754.78535571104 798428.4766832311
145507.77928967174 11806.505779227706
590008.7236460448 869197.6453502866
934153.9934741559 754867.2843819718
396772.0786344429 723622.2532223125
90233.86452311532 681337.7011933139
277213.08361265005 86132.34099445854
342365.5380865197 749377.8337050829
77468.01258100811 321506.55075607105
84932.82839541616 459879.45833326585
335387.99170239444 175946.00411218608
675991.3715479616 124717.90785563497
23609.64832120005 336743.09064863814
514772.3282488351 611153.2264317112
945042.904885395 583849.3829316655
784243.2916437025 268847.3064554425
529039.5656936548 949852.6802730495
959550.8583970753 511474.0317189228
120273.91227933893 900600.688595897
100898.60838951592 561838.5338502297
573449.995891245 103523.07311912479
211822.31375098592 776684.7872859461
339538.727397576 159736.89168375326
47887.4095150843 89198.69376308909
265147.6949235875 752471.3989922238
943258.2863064515 629437.992110657
141513.86619365914 284039.987052648
544649.5847893595 552459.1739630469
856197.4822654766 340024.58908849384
985448.7692963562 676574.1465304305
230429.4222014768 495923.8139946246
971052.243700146 583682.1486898881
998734.2633803539 557076.6885210675
725316.6672674653 67037.44208748829
972800.8687088272 320855.00741461595
919592.4460552767 536541.2966130489
660992.2489588116 895629.3877547827
600774.1433305572 387245.4854709253
353619.6109169749 463190.8145503839
526184.1379094301 35926.35486228157
129405.85421431417 857750.0169015579
548117.025420793 216295.96627589798
389560.92936484097 425651.24755201145
900974.324204717 554383.5605163968
766492.0439743068 807048.0513474293
109212.29987181113 786202.1400207736
177037.7956899253 25051.945514403375
619804.3795997355 892359.3643167163
822543.6457067668 58033.7683784089
466488.23465457134 622672.8988849554
809968.0003583448 16474.079140445076
972346.3736151883 382019.9099165884
256266.42534221333 355831.4859680866
676936.9024793578 59270.99268078629
498951.47696491703 12452.152066837696
55329.1839087966 63600.545970851075
822333.0766041339 236014.61423962456
426641.29820527264 383635.88785795786
372956.5118715562 352751.83160522504
696991.513199405 818690.3575628869
608441.0515516214 562582.259219091
266640.6553827806 963394.7737449466
46024.51539488428 589552.1198285875
553759.4999896564 702363.6411976285
253555.80336641715 818703.3805737665
895477.6247859545 414449.0119567772
364656.1699801907 946445.9076050619
564772.1697020339 394208.4005689577
465248.0841464026 165595.37359372523
666424.1013451646 329738.704918047
592164.6470341125 70018.77606683216
345332.87105098396 582254.6269446651
450134.77348778077 2787.964959861666
330657.057410316 808839.2739513435
387490.11081822694 347067.9668687604
756247.6775074066 591308.1719747892
800720.6046907399 67148.08481654977
290538.8494016271 875059.1086562166
14206.892237878188 230465.96666043095
452820.7058256093 13934.972368208177
281338.783459114 948365.5121290407
239390.24051532586 760112.4299912862
185570.77809657197 296359.6044398028
787024.6533677615 338568.5977917456
946365.7341392312 119249.64063448874
130963.72641738274 282379.7540071199
13266.23555561235 781379.0524634493
127565.67999901602 222543.5079830479
12788.32944484798 691706.9707522362
883424.2682842688 903221.0083155881
1213.470009553963 674500.178110989
596160.609054116 776520.4620781752
398369.85046312667 767085.7474557065
581208.2119635451 304464.5126346792
957651.8770227999 358207.38359969686
453807.5385842928 116922.67370465593
567716.1660730831 243276.87127115016
392498.51790611923 973270.994504569
73942.79062358156 294859.95613378467
66616.85131638251 16659.820948345063
125006.63042278637 579719.0403578391
44112.53894391654 519985.22216528474
246634.22707787252 698175.0158764954
190352.88647203252 335536.49655872583
327807.9987385596 796943.0982835455
69920.24172300237 209919.3104852012
599209.7685996603 953340.5307505234
801612.498836833 497014.864366522
39699.10972799917 355570.51649306825
933448.0613580818 33615.59235719114
177014.85601653022 198564.6229741008
555708.3262511205 644212.2592097549
205295.52010846243 143489.74911288082
30391.331309542526 194429.71520458686
779666.9540567698 591354.0940840513
209899.47658389196 173739.05306236094
773318.4218020358 759434.1905298636
771627.365254931 652638.8250665383
297401.7982494305 803384.1660032545
540200.5494749196 202277.18823803597
772424.7466894164 935400.3360896445
39627.45240014243 322948.4056671146
113971.49574972276 553141.24531371
189925.98312730313 18435.187275724464
222561.06540739606 56482.24553743186
97688.46895230775 204692.0001240241
63750.70707727626 23302.93955476681
385446.0604315675 539368.1660886048
345300.0523504577 573464.1517683843
716984.4135949439 558307.1626614368
817583.3820649707 991935.1103095496
647005.7385864685 782907.3131134826
477980.08919065073 959003.0043988075
504863.4738946971 63813.617578795776
450445.58837382385 502614.0021892097
463165.42012813553 502104.58995917795
33395.75687207852 267027.08437163837
348620.2081498759 371996.3400403068
849933.3497454384 196101.5557038197
50203.38036475547 731793.7857969106
269387.9046375519 180126.56043198705
222907.6597200813 163929.51018086675
170377.92012738407 172748.0897667627
696055.213129492 858610.5984421952
648856.9643023991 60413.73967880737
805642.968729264 783647.7342107105
679316.0554183125 186582.05535614115
942446.3450886114 45112.51216646117
704425.9376666748 956589.9792875601
950521.8155839053 491068.15588191897
43049.45434882879 867838.7213198509
679731.6586085825 58303.27216923703
35406.66508274037 339768.63638652454
590484.3184952775 979656.7817805695
288833.79812484345 161327.42106885533
98237.36816737916 760838.6696074294
814674.6319337292 419425.8165498036
813410.2721370951 466961.07013513375
545013.0046571895 819486.3192366927
278755.3546673249 396298.37019004556
386787.93058386975 616834.1860293328
158688.2526388006 519986.63479114015
355379.9523146216 395672.90962950606
406598.0445362314 351872.4728849677
44676.14466847203 52870.45002909274
261208.20549098856 681639.6024453533
909826.0412254366 638434.8228153966
427346.02849636774 28770.142522718033
426342.92431076115 562397.6878465598
113666.96570710588 979957.8738240389
363447.95030534174 299567.65166480915
202979.630740584 38524.4300692138
393129.1423214486 840274.5940537928
622975.7824505273 34403.88543111006
626459.77391562 887425.8340218767
650326.2210046904 316986.94832158246
478148.77079626493 282874.242201142
741226.0548392924 258978.103004013
877919.5423992279 886180.4908327763
690009.7778230432 939033.9018828538
349190.88580063696 593071.4220552623
254320.0304590497 99817.72050212734
168529.30913105613 101182.10385388393
323382.6511793172 414745.8166458606
32731.352692751403 650300.2992581166
193960.21648161366 519253.5503907941
629536.0725188259 600312.5355528295
89138.0618633526 477124.7850402519
299797.05213282903 729978.5277095754
8574.233739200854 333962.4827461958
756678.1423153848 840538.5966252695
202576.31420580347 74905.65992644016
996846.2430970287 723861.6344707084
924488.6857811767 710358.6950997458
561027.045069141 23667.68378287687
284107.9633416669 497946.505581478
756512.5537754939 906107.4250558715
794973.6969173722 874752.7582019033
537420.7715254584 470836.3146720218
136018.29269335253 596861.3234579657
446763.71032273164 594210.235577757
253080.56845739423 722145.2398043426
984262.7589408716 122412.45814174495
224670.75541262515 189061.12737624027
690694.288404321 886709.6301869756
242414.26249640118 615403.829455656
963169.3024727481 564472.1648154872
718472.4815149788 701543.3472839633
598599.5949766203 283105.0246138408
108862.10162713483 383332.10032226617
839260.6886246991 235634.50599467874
983199.6077757779 238106.68469021213
855920.6069441645 838205.4397452098
781513.6114081335 714324.5668292635
216041.44058968077 513185.0651017367
134151.880294777 665963.8641008103
896510.0571990123 298823.59286785795
740016.0513890499 844986.792146356
380720.52725696616 958882.9990300649
404761.7209720591 854692.8199910611
507217.08580889646 396078.09434619034
401756.0841254716 43805.01791372804
371069.92951594153 551831.6394194582
152532.59331054613 530168.8519596751
679739.4760537714 245409.71830492685
691854.6152999664 240372.30271389952
668235.1676952094 788260.3858985067
605506.1808798386 280937.9407627227
956304.1140683115 944394.5524380571
768741.9514978796 507666.61847984453
419364.8057602368 954823.5160007125
55892.44731480147 663765.3609933179
335557.160226595 468946.3961286875
740486.0066736988 437696.2117524622
142263.7318945622 640888.7315660226
824009.3814940586 369907.3658199242
707877.1803254687 670012.8283584763
872471.6628932129 269332.85435527563
254602.48337206527 748246.41219883
767287.8404575286 26602.6308974604
663746.0699751015 49390.70279027946
593693.3817229184 489241.243096802
890068.6719642051 378284.4572573745
573424.0339228705 878555.2118636365
888840.8262317261 485252.2320867407
166840.48167607136 239804.86754691353
542115.9457889305 637867.9892904878
474999.46557324624 384129.45644962427
814589.4730454516 877639.3047290177
819010.3929549671 161066.29414122476
990546.7837757614 561278.1252384775
4153.917424873588 694134.2833311338
733527.9693077648 644335.8257887216
242942.5940749792 949840.6640233753
359178.0516894076 263829.92376431345
172457.49234367648 696815.8685782208
443163.9648423866 617079.2325090334
662313.0451154957 728741.5735346822
152498.34304424413 907846.392474929
939835.2948205936 905006.929284926
371634.336683185 755432.7038180124
324018.6419370704 861207.86882163
623937.0164428679 482116.68366389716
260504.4491217259 641973.7284311275
206997.6620701326 312966.80201503844
235642.1707852544 559375.9274584687
350569.6281875764 468796.48826452147
508405.63376396964 734046.3727957591
350776.89637922635 706225.3186480433
161971.72138320515 209594.0733421565
86310.86396693432 374640.5149431796
612620.3432404698 393405.40583958506
895873.9916744048 736104.9713195506
94095.72126564059 707711.5699504064
132073.56878497312 403938.168821102
705063.6111793532 74915.80622513905
397272.6744263977 764460.9201709605
838710.2127053931 224629.20109291674
187860.90718060144 616794.9755775617
734761.1019950007 328217.40280084754
276713.0154221109 423659.33214688953
195490.7747985215 283549.4923809948
106915.82403422828 708547.1062950602
792122.5361046016 337296.4703492276
138910.48000885075 765754.1874470919
64870.86362692307 720974.0257047751
448029.1240748918 169084.70767584693
851455.756826847 846020.3927734315
277791.0275844573 216081.87210745423
620748.2146078333 769546.9486100589
227628.0792499168 325335.9190598701
951676.6159791941 402298.51808279706
202488.975314165 226693.62238562186
710661.7738195531 876335.7022045673
767272.1819318557 871801.6605628065
974660.4115425413 614537.488253245
970006.9220133863 391009.5680946781
247750.0268493641 973327.7399194747
959022.0376824032 403715.6271992851
673316.758263696 85736.09378045466
717782.603059504 22606.601911229096
385998.5262738216 876617.2380411136
535937.6277950766 309321.10426822514
97948.46235724974 12234.295241844384
438747.4751645618 988230.1890452161
642734.6202151506 39658.76323179962
430797.1355981388 473190.48031041364
148948.0316723496 372530.69122599694
925665.8478366901 520877.65913803654
255520.6685749186 622060.05204169
204865.4311462017 245877.19644483164
758591.3961861997 421731.74932470504
411649.0286109573 138403.94744071728
118362.15747722567 471262.74181000894
855804.6554597913 991800.5313548091
579192.6374437666 725709.8839107035
481039.84442141914 472284.66147747275
32311.221309168304 605556.61884953
723763.7079682982 816787.6834780448
159598.53404933843 663699.3326113666
158094.26869583275 80622.8955722964
36881.97629559131 267247.32842977525
403677.472069686 392540.43643687974
603009.9845073543 936734.4926652623
870889.6534555783 525488.6108631091
675731.8291363926 178718.07827588802
650362.636607059 47174.79107158329
385567.43296886695 33052.909149184794
101795.7852106688 368606.8446344647
317120.0569967445 287998.3203946124
447087.13969039836 524096.9312912485
51715.91093680483 749575.3761503041
14926.444298193564 297673.80170517985
222282.18587020654 93984.18849783641
152769.8431048493 577614.0156774538
5874.175050295749 82147.53620186754
77084.87984758128 667614.1867942432
203130.8826289394 511400.5831491161
666315.4149864474 954433.2555862665
757119.5438550968 393587.1440347629
199629.59177556806 555990.4136772281
30550.96647335953 217319.38998367116
307637.99648564105 967260.881122419
174520.4319564422 221786.26438271542
318100.8022642442 931541.8566667488
809700.3415016511 333348.6682438138
87355.98763232933 587804.8965813371
616136.2197303277 893451.0647231789
928511.163869708 306185.3623984896
709749.9893463327 278215.73724922823
675721.7341675031 634907.658411216
621312.7218999623 772715.4314288796
803332.7906830464 868932.8060915496
511643.0502264444 70406.01348586817
708071.3182846553 918743.6893004895
767650.9080516037 9067.922729243504
263671.67532995885 486218.03124856064
749944.4993206806 8193.932146277171
481797.82049379835 388862.9777509781
407646.130612871 641983.8116828571
300669.9644323173 388945.50484942034
174996.38689384455 443410.3958086193
54107.56053449561 89651.31806814941
898216.8635946 882076.5906397841
107158.51999249615 682124.3862243199
319736.4672200478 889392.7292432577
42030.696492726725 885385.4314787033
480937.1903241444 565505.7718176997
167160.70679340922 828804.0793725679
317680.72953509295 589681.4506394083
655464.6580002238 921861.0322401959
625765.9034346909 836524.1091088686
32740.52501729785 815315.2430165231
214194.3055734752 615323.3410344827
744921.3498693564 418585.0045336126
953053.9290800126 908561.8466463975
238857.38092181852 331758.7278162524
361752.96527561854 467655.8946994823
99090.68830935785 907121.2960036745
142876.56137469574 737962.4216452845
13718.665424528597 298473.4816258261
156851.5173426549 412602.34815818886
349424.8323731722 220460.64109366015
923335.6820918593 729972.9837311445
596251.9243309671 668835.5342639117
721249.2508786223 54560.91673955909
807559.064301418 429522.23308225855
479405.4895422074 168297.42668600756
161461.35665457763 529086.0267024207
864344.2049398798 138140.75907510926
517175.45178568293 50739.81173430831
219239.0487937812 915136.4187000637
396589.88242969784 224732.46988456286
430045.76259050396 890650.1534391635
846509.4446419552 401988.2188654339
442119.2570960699 15577.167010234816
576851.6947198445 316453.2926190602
303852.81341199245 136858.00305799933
389764.16529718594 881505.3108009726
191212.07924435622 603606.083305633
255968.060778218 329352.1214641166
484512.177183662 409323.9775483694
676525.6316663965 960872.2212946188
85963.35303677493 448817.0065874286
758880.4772272524 987610.4127853866
159352.33305274977 669247.2689219245
233452.71218983887 508630.7038702382
410675.90791589936 789043.5308514526
325429.1784142844 82653.06286341723
117346.94133434065 388272.07031497016
417230.4220634752 129641.17791105444
372685.6443837128 283300.07843976613
984982.9493586215 655769.4475682094
782906.925663666 112055.48487914196
158247.1880926517 508339.34171473107
787884.0680123485 438195.86125836795
449157.2540587668 288850.7930380169
185078.02676110185 908692.4698459358
568729.1274980606 984143.2816436569
327179.70296376984 528566.5369412967
649877.1478225153 760578.4928877085
920265.5167789949 37605.031623944684
617014.278658983 439060.0182119189
496298.1767257295 37487.833095190545
550877.5066073039 416192.31123983423
935260.2278263788 994658.2954933228
429094.0319260871 89970.22831781764
41968.26442774426 108173.24063077105
741297.6820793954 217857.862287561
487615.8584587429 532378.4862833347
100267.02943216792 207023.3081855023
775051.6824458686 465234.28178064094
788920.7056617897 222562.98486062497
22395.366842669075 770023.1238031259
144147.86211719087 202410.86773370998
54512.40642091149 336438.486846924
446089.87404013413 956670.3503496606
75417.02689272811 956099.5326433411
157612.88021619446 624223.9134799816
106642.04321259297 192710.19428626957
555635.5940297602 9831.845802575679
577839.1420237627 419526.3108081642
189267.54061432794 788692.2241762035
656582.2905377425 441055.2341148145
287689.76536520943 361761.37627528614
403634.4276452569 693455.4109820968
879599.740092471 664926.3768705153
695656.620118381 651190.1145276772
763599.2066122154 8807.695866339782
668406.1530707736 639452.1616102505
25490.969550561404 670373.4974327566
266020.0723115862 583500.4955930844
40777.64301583264 956726.3548051455
611035.7558756806 404481.5490524912
827100.7654592938 225969.24003426012
335663.4650338682 577162.9719798736
969256.8582947934 543118.0133019224
701054.4500778561 261969.31040146376
247097.56565188157 224421.09354955397
669035.8458704336 998409.4298881706
419846.3844069053 855678.8127498472
481295.1786155842 766792.2572033759
93746.98810127069 999764.8778354557
636660.9188792524 383825.6244629379
951760.745934455 898284.8762250482
688965.0056443351 180267.66933488924
502853.7070170712 399889.0679227405
983352.673930032 751114.1241575046
814786.0660367707 356382.18453419645
316416.74641274096 482956.9159460483
574390.836557089 380951.68226378364
877463.4178654698 839246.2424407951
489172.25121352123 441395.3000686022
988459.6710154236 196829.36841606736
68581.96816780492 79295.3683749008
554529.2873948424 453160.2787744656
700189.9337484322 422994.18983918877
878687.6553717647 991012.8966617312
428303.34035871696 182541.24810275773
846449.6717926208 102359.39736083
907040.6159983125 7071.688280402388
752762.3148727759 936230.6973979976
671810.8347891081 881354.9806308482
699557.84057698 413138.19387819595
859319.0479159746 606475.2379317475
947883.68020164 77691.21340007201
913019.7237086057 202202.22494791972
106508.66094707756 370643.49632876524
543530.906927049 94547.3454929513
376135.1872585915 334690.81392947887
715789.3951391293 78545.64666246822
876512.0397889337 5484.303498972776
39502.32986276936 70699.224404694
670939.7718639198 612960.905940799
198490.16440824672 743229.5672642743
203857.12939623103 624855.7109348263
415073.578576057 294552.2846833303
81197.5702232668 889864.2334665833
700398.0571518335 985500.1211939048
213643.16984976683 100957.13942440598
294968.3644318707 11840.485065081175
489230.91555774567 336028.3311846473
274897.6293436709 456616.69764881843
706001.4554429095 823154.7097746831
911183.0661642586 901518.1088116897
10869.675151667701 441607.96080446395
596317.1355579514 98066.72204436906
590620.6762665522 980941.28449585
166066.2284689647 932408.5525745124
737447.1070769732 862764.0162775232
220446.59415448742 549140.3719425234
13352.184588736216 32391.34350236994
81247.90656372294 865349.0520187598
157112.07928006866 956498.0528645286
124671.44560014765 873372.3451273212
9333.358677635184 70170.74843019721
85957.31553023012 666231.4985077386
110288.96835102931 647867.3340721717
138846.84808718128 664451.6578513378
529095.3319980581 487002.61221198115
664698.4110079717 190244.37435074017
37707.106811246005 950223.1984836871
982003.0132057471 540823.4245153477
843884.8750016143 567745.639160984
549040.8047402814 905116.5832429486
919399.6951781297 363077.2650413221
81736.81408104837 594112.2680200994
260887.482283893 73915.37991104857
471651.0133927573 362970.24707542977
709106.442632921 636726.2089984963
748540.8645184324 942488.7147159493
45108.31748319022 48998.187555715725
724161.1454822621 358020.8226158569
752358.8222552857 573148.1476728971
754819.922156913 117681.64482499077
425536.55755741225 328591.04761425697
498145.7937665165 63197.12369669283
616213.2451763005 796718.9035708375
838359.3625089087 636068.7458401868
199060.6544657414 406464.93638583866
537750.3519420099 78628.22385796231
51112.01190465886 13886.24106673364
678762.6722361936 389680.82705856964
403917.67055674846 76936.09529373102
47318.00513675444 676407.4978168414
598916.9973755333 703021.9477622769
817810.8905826275 661251.6476542463
371869.94700550725 733107.5306387919
788924.8519486613 578154.048089586
451697.0681615986 268864.08135098097
182857.17897737364 409178.23830863606
539474.225105604 205957.01791657627
452453.2176784213 27144.77246588365
842436.2651747452 793537.6622633347
523360.90887895634 255567.03947708782
537373.5336802606 140236.76301821874
865591.3030103846 834301.1950342673
673521.7545084977 124032.15682457968
129328.24754186989 342933.3809898921
275793.092141429 837944.4668647514
409863.5524650892 990794.0919181249
17718.450262660168 185528.61357948201
116966.99483735529 594046.802629245
892121.3858827535 578116.2218295503
96205.46945231989 309546.86685729184
48970.38984236979 285577.8118644766
857376.8134461802 934963.4506387678
732544.3508217715 360321.7336921929
400057.56868393515 22454.21689882421
991406.0000272082 291322.63026615046
224594.93718275081 879098.2175275644
191155.8213252329 675993.5493789184
96991.30346035723 829907.3931789822
531636.8057294113 112176.45227354212
195931.00996212242 519219.0515052193
458855.39529650746 632427.8917956962
500521.8229975897 307049.6255234358
177085.6187953811 594053.5106720272
987150.7980500226 30832.24534611728
148655.2303635622 526740.5792746412
164549.439956447 866830.9322156375
910235.858368688 309760.12498816475
266330.944562999 436451.6086994503
64498.961177788085 944273.7813545101
415222.69640967227 458629.4031726573
398980.1239458056 560599.4556587108
233163.29124923295 315453.0063261103
219064.0993229024 957421.5473697049
676657.4255032559 734780.8696575059
526785.0618373337 133350.20494990036
555678.9680012191 769721.7747175038
599403.4089126363 835205.5486392706
380347.82285497815 641000.466278427
145195.51004019225 482770.32674967335
453005.2821984941 249081.9237390276
420508.96350085665 252808.91881325064
684355.7099984176 492199.2389565206
467347.9210713749 908348.4459366117
867010.9341093566 204638.5965881653
682086.9552962753 721496.1249085795
75138.78236291693 68336.01303030424
667554.2966185365 626696.1327166655
105388.92213433093 732152.4153111479
757116.5355110355 523573.6823745751
148173.15999282245 58156.138728658436
953025.4921385077 276057.45342012186
292065.9342048033 852934.3527251546
273371.8694708787 250141.62441360764
410429.7358977504 864279.5660819284
760686.6432432128 83236.92559137873
164370.53205263685 51926.99931099398
307585.7728002891 786135.9325383652
846791.5571064225 7460.814569739571
709881.4023372014 745714.7048783106
562339.3453215437 682484.5593537638
1664.6728595075544 666288.9583777112
506318.07213581825 484247.59586674557
881657.5879992231 391823.5421276606
40215.76509111802 616897.0617367416
72801.72871981782 56016.60358671445
920869.7350589262 689893.4019100406
728811.466039847 642722.2391959854
731582.0845431276 742383.6703273157
325490.4511204428 825240.819134848
696547.7048376898 685994.6143379522
374888.8311339613 289451.528950989
9907.41971212905 971468.2768500211
718437.7339268618 635803.8647410749
809126.6052427349 610278.4898009081
693759.0543759025 496218.6179683214
616841.8516910862 649883.352039443
864664.9739985684 59762.094434412495
636778.7805760591 779285.7871033007
569218.0638164369 984351.1910145408
522701.5259182006 939238.4674625234
206409.46661680716 263134.703025489
372956.7685360723 894605.8674597556
78738.04589681754 547792.8331514985
130355.30245992621 347210.6855302033
714004.8764698333 346555.8027854398
564195.749229028 392703.3829606794
216458.91465748346 749068.7558189208
306355.5124573021 421330.89401673764
185066.71680146648 827091.5926282513
952715.6431313155 404815.5416983041
643940.7176091084 802668.3919483038
836273.5334025911 769526.0802389483
729056.8755244806 427375.03149347135
733271.0726315498 523460.4304700604
766414.1364829212 596541.8154434817
444290.31757309753 398855.8775771396
303835.24254132545 800259.0840610536
904238.2197877025 791534.8216563914
426267.29837556666 567226.5371948536
707863.9833298232 67820.58379440337
496780.0771885831 660314.8921072171
445582.6434198046 826414.6514354475
194238.1181954328 931088.85346718
845433.4465871126 764751.9443053135
905803.6456861243 525451.2733876728
965717.9375919331 859407.8565616484
411785.90199442854 849631.3163266156
218621.82921145667 170367.03030225475
37622.85721896075 119845.92638190772
362075.57345432485 132554.6016213678
431225.92731787445 461028.58132680116
825903.4067368343 889321.1433460587
532723.1092365306 318309.34965858085
99318.46126742427 321112.1727147095
967476.3750547095 101716.70422457546
1626.2233729124055 77244.99151450448
973405.9445791284 144833.38681068236
550848.9799760372 933929.0693200141
263457.5287586811 931661.239039217
261035.9710593292 386972.40065819514
45587.72805259303 678528.0029889959
550503.9270745959 840348.5539588149
417351.7665843166 891421.8179144383
673842.5203680554 514313.5306821716
254959.90676444935 328474.72197054705
436825.6262628512 168629.83238119766
61872.044198933 619192.2234923509
329281.96328577097 569383.1691989935
127668.1200657771 314070.8846428386
255396.11831010767 123540.56790913337
338278.96131852973 984601.0018480008
298322.84040372446 770868.2123598966
882649.1783348301 620744.641244495
121035.48667901865 533204.7716264605
165138.01960384767 439198.883496305
433324.1557866321 253212.78688723137
658240.066111138 942069.4623404795
489184.3275639258 942713.463646948
18162.604842076547 379086.58912645833
602538.8103020497 761852.9329131127
903978.9034786931 466014.46674909897
247793.6597245025 257190.34969610054
839721.9520252139 396779.99380928394
933147.6104525483 426907.5421168056
230936.4595110772 203872.39549741376
684398.3565133443 31569.582818726903
583161.7774716876 994884.8030854886
903938.830593107 728433.7273026655
587742.473704297 735685.1101437939
543119.9090690587 685245.6895609503
713523.2248701805 798990.827462943
638877.734356527 156467.04290271297
54015.98247211836 458802.7563842798
227150.8444756284 790200.430920069
381420.93784557784 706529.4078589126
388424.09975462453 605093.154273453
482045.296702377 303040.1645147436
898510.0526102837 109059.84022659899
172501.78746959943 446505.25488112523
353932.05369483074 999232.2893116504
626327.786516203 12861.866544021328
254477.23360330643 124405.07052082062
366854.50759482454 898725.8706495885
892445.049895351 787859.9811463482
899130.2469796276 900675.6926817942
622910.0136735502 36826.314019899
156337.73499973325 872243.9668658827
786005.7934180044 136591.1049862659
266194.56985674007 73056.02591497252
426170.2718388858 412854.3199775382
808698.4700911124 527404.4476441933
930648.2972494351 205540.64675882744
493978.61014079046 684627.7789021344
487787.41003348626 141922.7279740738
225651.1407130758 612850.2195071776
905627.9075698571 49417.9910477931
256996.6400197248 625078.2749225916
181827.88841971254 298955.36070062045
104363.28832499575 918437.8375784836
175254.21034956467 623080.7340911535
444830.69874530425 608580.3158953611
783472.3703618128 667346.8882911676
21853.93936985347 948840.710121888
565484.9085563531 706100.480660656
421236.25003755704 506207.1137747597
146830.6905664013 796414.0682982698
165951.2542559327 118367.0868255019
406812.2738994283 544454.0633269295
54020.94423139969 203877.47557367865
797331.6312720118 445417.8982295036
954526.9991274273 85935.6180007691
453756.6684062957 320710.8674294028
300776.95948496694 349216.786643884
686984.3725079552 741452.7104280372
154941.26266630803 414577.5927882145
587568.69556087 310941.2574032994
973857.1448454313 366362.7920338055
311135.04833562276 12919.505055984382
131636.80401056542 899274.0613457422
613760.4581609599 223655.0482049049
30410.240154975287 390446.3260778111
297795.2286329225 282160.96976973815
642220.8082507814 95249.82722594
524260.7439417175 487137.29162798467
16000.319092591808 303947.18376179744
465284.22618018027 59520.235168463056
811328.9310019267 483725.58809232304
80362.12846651203 711850.4210339932
610110.268754936 102074.53841976277
379904.80167855154 707464.7949721629
139575.00457991534 11678.939165593594
787877.3286470384 304958.4492765082
70569.60965045233 842297.147848418
444263.8325094892 326761.50999765843
669977.3095537437 217430.15955927124
158904.1768313547 849880.7336224169
763429.8739794556 295360.3870532002
406578.3762519097 274318.7574966306
519752.48271789856 915720.6059526472
734310.186919702 417336.54597965366
805618.1072625997 982678.9259131465
475136.9062080439 732670.5646722934
291839.1837084892 248335.80857650627
390885.4738577771 66548.13181595365
322855.2956506281 903005.481663688
734802.2450303702 73170.68039541307
424699.91460432176 23200.073563486967
572853.430298829 680725.9969966755
338816.097272988 500269.8558902071
334374.8653517181 51455.55459410933
501529.60265763523 281371.97194320284
500097.0112906058 863035.3077131336
997937.314801427 537389.0028014128
425251.8169802508 813543.9233304348
142001.5563542849 60832.9061642533
317798.2343368679 86080.66538369442
708429.3856263503 141604.52979477012
330675.8112385585 396070.35585762805
506392.0814553181 910268.4106547014
442037.1395027933 605612.5639813102
703261.8303655233 119107.51124615838
991672.2685828792 477747.9115012354
421852.9473738439 536856.4625392947
90484.29037967643 848186.6801524941
907327.5762576165 650569.7073181543
81908.7112201533 874917.4281644059
296018.84604748094 573134.784887098
742785.456834459 153952.56331057873
54516.80059818842 474768.7695628209
84358.30261565636 553467.5020259122
382862.2328445016 611523.7475696087
486585.43209178164 240405.93081977425
992989.0667260704 210786.68072566265
442970.87596648623 729425.9772232611
129810.25045639728 235228.130622982
839468.4164103768 913391.3957402504
867285.9369223587 235861.30378293435
795029.3149390448 748170.2528153082
932798.5223177467 693963.456541377
995146.34139474 398689.27970727795
545338.8182316788 231944.45434588773
549523.6246796871 710384.5036416674
773304.4865577772 178251.24254770175
787257.1817921549 793339.5863013219
296164.7855765128 488804.1854071531
517594.5568193367 518922.1709592352
161287.27134594278 263253.2424193548
656078.6794516466 647959.2137198003
898833.8865213374 26926.620283935554
731133.6210070666 866957.3309354432
981669.5365547168 387415.4690245902
596220.7864945204 726742.7713606799
233799.12089651922 851554.1947387665
40485.81148236885 101262.29462946246
792521.863372402 297930.9645496381
134737.34117067693 71560.16702895485
883952.8353701158 879519.0476343026
943304.0618791468 957731.9107524215
202341.27057493967 738943.2743131311
612022.7000488495 898921.2758663354
579995.1875568358 374412.4516426447
226838.24668930797 29127.779134795583
988927.2708934536 545192.4897381968
480326.0837825524 862036.4173600117
74413.3603823478 56771.19913390427
625864.0287783197 896242.6095507639
250036.49129183992 487036.3425733457
297293.02567653905 132660.04587994973
835252.2152886436 589467.8480995744
458395.72925296315 843391.6670216647
579223.9850060375 506298.16952877294
699587.4554614304 960831.8903890114
670797.1983476974 509533.22793213173
592716.7615547471 928598.2578831831
855600.3218378354 736291.2264525794
530066.0536960873 659476.6547829054
678882.041333759 748928.4695734273
134919.508661412 2023.662075382404
470751.62268299377 753495.5071489429
533108.5635759813 153145.16776088538
807154.8819580626 725669.3344709355
776887.47861438 47125.217025832724
125984.475544332 69977.01145547841
760603.9118376155 839185.0518217372
274151.25683669315 855791.6972406439
723278.3678011759 93992.78070190985
83859.79206429017 914142.9443440799
652354.066501926 726020.7917032884
257330.84495899684 719743.0799369456
497859.9478065191 18836.518393591683
937164.3370041552 123073.52828343188
726832.6992637787 212831.67934313652
205166.96325790219 802009.39147482
294476.8711654566 133603.7613487566
455893.2731408306 683168.2068961407
463023.30011454487 858369.2676989462
5662.9925505646825 480914.2142744657
842571.8021780456 129375.72616969417
984686.2769370393 761086.1401067289
327811.51785286755 368190.17541636736
873300.4864247452 436668.12690811476
592197.7432028244 710944.35568554
299024.75684703834 906679.090935862
308532.54106689355 850094.1808413808
245653.99618930428 268024.1573435972
927670.6862384804 860741.9684138615
340403.7934439635 34580.42159615327
215134.5409248978 224044.16721139697
367765.8261214524 316393.67027583066
7443.4072828057915 381139.3517838596
158543.56569954797 566751.0893099364
632718.961013446 699036.5356679535
890764.0286720216 445380.01586628996
895104.4928360925 508292.3083084423
208249.519754503 40015.678971344285
898192.1080299163 32927.8312121355
637753.0516516613 773175.8053362175
235743.46357507014 666638.1494662061
657128.210771239 981269.3141539752
707536.722408999 929467.7320831339
579729.9186754357 869207.2994087782
202264.3602406623 257439.2602336534
818815.4019789213 486772.6530698542
876356.9164362203 118387.89289292773
297681.4954638588 602546.8455839877
767284.9528010928 707687.9302454055
136160.11626325443 82094.6778839854
563521.5404371005 734378.4230326411
552548.5167242703 998982.1486663639
302796.9911984761 760254.9778095352
539274.5128355073 64340.59902929334
307788.3899640256 644320.460555977
49483.24210267208 52405.13989409423
766808.817767441 456936.21767666616
499255.0389901245 989684.5634350793
76743.81870628489 693240.032600257
601918.3399520844 142782.65463110508
173560.570177962 583998.7604914865
11632.303717045044 720363.2876595141
480006.16952929954 238902.4236224666
822224.5305893595 501508.309872465
627590.3662219961 670561.377532047
178799.4288162882 803784.5987310887
668924.4719044339 254484.31115106118
717549.8439898392 80016.7495895191
368704.3687011925 416843.1514796305
828588.8106563302 590804.473560289
15657.016003240098 995272.0346541846
402915.73190579464 933025.2271058308
273460.6843894002 490144.89349689794
109321.2244688212 725160.0954449502
412096.9362447882 954470.5422488394
662612.4844385646 791156.5123362875
32644.328555065604 100321.99214309268
439587.8882551876 785788.5220688868
494823.73789164866 849618.8052545947
808272.6153797053 658096.1177128273
781393.7122766064 831509.5127777406
838115.0497293634 47428.73006318549
572825.8543416044 734493.1093153863
35953.36182333986 929671.7730894502
761626.4836687363 203597.18651114067
322359.4749304136 668119.2389839146
854513.3384115247 781696.4088239315
463756.50214546005 851746.6562629797
706029.4760168956 235082.50982818092
785674.292098225 197959.99282916365
777534.7877447149 386190.5126241785
673057.5435109684 273454.0385507204
908275.3742609003 414463.7963877231
398258.3531658875 48028.57538822691
641376.7493621513 567189.9180465143
900875.1390698623 362944.3707075558
387290.61480498017 43482.37289101797
847977.6959241157 654218.4715090293
805835.3371580127 455314.56230409304
221014.1837283669 68091.07710410489
566099.695288473 525261.9073695333
318503.23330288276 311274.8213912544
25132.839596745947 564796.4150902623
678349.4751190109 373541.47742705967
529869.4370875738 148065.9195160411
975570.0323923555 471411.63096188434
798639.6412632408 693356.9686470072
946969.9791009205 883961.0293680027
919550.7478250704 978491.0694124354
190320.08351838627 686345.3899374864
732060.3984176684 791192.6635527976
717498.6827448929 328254.8231198094
541269.9628795703 848438.3279791196
321827.57696343557 641507.6795452582
592453.73727241 470071.51179669274
711902.7654265495 59129.515706582315
460757.00757086166 911526.1016943138
782628.0642769893 503010.8657976213
667890.9081155929 741273.6293222577
61495.158002786484 2125.2347341828017
622121.3206072561 584798.6371895827
850021.0088294472 880464.6206880712
413919.86909789714 996666.3341352624
321058.914610718 405952.2754489645
221303.55420906135 909789.785607603
47788.35680765015 427702.1290503396
150086.0300733733 884719.7730595563
596239.9345103987 439607.92206921073
531918.6868022702 417224.88175745466
74288.66459422778 568692.2733998012
58178.29889259074 585022.8974277241
688658.310305834 352029.83674080466
173031.78915432992 495263.9311737537
566712.424074297 225279.31431561243
397647.49545468326 26953.7382612427
362062.9870598372 760348.8281301211
390005.62993476406 59570.8112779677
870496.4494661569 558879.5798393807
993441.3096996326 375750.9201185979
933375.9680519872 118393.38349202389
292083.02511873684 969329.7761592026
715592.3594765653 863574.3459301828
367923.25918465864 27256.986144226335
169901.21887300824 15078.454669312236
619503.7333270637 579411.9477764899
297319.01558992534 457083.5827817423
178442.86002531252 452501.1999233499
646405.0692042137 837694.0063065453
275778.7718854635 680256.5708814784
944752.7081506941 298906.6402868605
726635.7464321308 907855.9719004439
867215.1633076443 235844.2346126277
370565.28399951727 980912.5845697804
189751.483043448 138367.72273652742
589336.2087896862 793129.2246955796
424399.35472044756 467736.30897335685
361128.40487767773 792380.2188463254
346598.9410902968 467649.49099983467
163283.18540777065 840542.1232996807
488934.5477112875 291922.35511282115
547514.3946784252 381486.681109302
192388.20399199164 78045.18852838317
164243.34280413555 684193.5733131538
41992.56913997218 292258.21861788625
414482.85740410007 109393.80010299082
494976.0571749161 896017.4320233939
363345.73335467215 541066.6687170299
105411.12674096553 166402.10646971155
281893.8080375725 876600.2892553171
959080.2975254436 116810.69628526774
935751.4776245373 607316.2410472442
197450.1243461273 826571.4289096596
991380.9878468643 27239.106336347628
661236.8917115673 929249.9110709699
594898.3611846628 301171.2029936041
825123.6370812085 716187.9828469573
555383.0105858574 985974.3295679383
799883.58408443 304411.55680928245
895754.7668287026 952274.0555987104
969554.3602692601 515228.01015403285
852391.8930741911 540007.4607443209
524693.0417495166 72603.06777094206
769960.4734411067 162754.7511427847
807235.9725164849 501226.63268657576
389887.53107650497 457160.95774996246
525074.6530264972 191776.23573436876
683202.6254790875 440325.74164274754
946952.7433485078 481987.65852857905
491555.7032087591 719083.843038729
991936.6584205804 25264.327833511845
791636.3182087289 159078.89362652527
684047.325745777 227417.57225128388
736879.0917379488 300821.3083162814
817779.555619298 311322.8015724634
267043.78122846916 872675.4481053721
130350.42923726382 783169.3268068822
826239.8839364606 309415.85573104746
31102.14269152478 58207.129600769345
795323.0029802797 111472.01328322054
50488.26580549493 257013.97362531754
461930.3921578915 292958.76587277715
913648.0579585454 44414.83271874336
805838.0594501572 583476.2423034747
445637.2477450581 155933.95183445324
137399.13706055496 240678.794911262
15287.887384623167 601489.9208017781
504401.5970720688 925900.0729417963
138944.3882083814 776078.5204292996
514757.2458004066 699784.8262960082
527834.7762174805 188153.44168437299
194797.70810482433 722179.2102543464
182179.604835927 261496.23600910176
560531.2650039141 135524.9325718547
701643.1936113196 222508.01973651146
59516.592255780095 812525.363033994
519562.89587310667 43393.08578481626
73644.87407923858 153905.2309477238
274817.5792041846 420852.95829393074
256246.62933822352 178640.95271617707
750904.9007830481 473288.4028481275
103115.38759904316 236263.16505339896
30048.133075912585 207767.38987402598
221277.76300516355 866293.9987555244
763235.1098513043 651066.3528698677
912449.1173513569 396404.5604730071
95197.52701132567 583057.1598448515
403809.82100094756 293780.6486277933
971877.273554993 638181.4068555031
108728.42218821422 319366.60304692975
36432.809584368784 25014.10693046513
55638.297748275225 23612.957048149252
75764.74401949918 837766.6326404033
322087.53977636737 133330.84059365463
541034.7133460059 628638.0383594311
988077.5521778081 923250.0400797542
236972.10325811425 882262.3746295184
171324.48828684344 618394.9809127183
706809.8391516337 838077.2547541952
195637.37218026756 5576.587735655836
213706.51714782586 577561.4882472641
225716.02944297664 244976.42007208077
322916.6345398189 346772.6175305471
646724.9401839727 328169.40018417727
907470.4556620311 865364.5811114417
805455.4840393831 382958.31663687906
848939.9346866114 569742.4954392919
461303.54586960754 582564.4080075655
905145.1769222532 822648.3978719554
254142.30580384957 113386.2801944363
449461.1230222008 995667.1730482401
